Attaching 11 probes...
17332477806324;92052;92052;close;17
17332477867744;92052;92052;close;17
17332477870607;92052;92052;close;15
17332477882326;92052;92052;close;15
17332477957640;92052;92052;close;19
17332477957928;92052;92052;close_exit;0
17332477999896;92052;92052;close;19
17332478000744;92052;92052;close_exit;0
17332478002120;92052;92052;close;17
17332478002319;92052;92052;close_exit;0
17332478010923;92052;92052;close;17
17332478011247;92052;92052;close_exit;0
17332478076892;92052;92052;close;21
17332478077181;92052;92052;close_exit;0
17332478084580;59703;59736;read;11;8
17332478124849;92052;92052;close;21
17332478125773;92052;92052;close_exit;0
17332478127355;92052;92052;close;19
17332478127567;92052;92052;close_exit;0
17332478136391;92052;92052;read;19;4096
17332478137317;92052;92052;close;19
17332478137693;92052;92052;close_exit;0
17332478149514;59703;59703;read;6;8
17332478160324;59703;59703;read;8;8
17332478161066;59703;59703;read_exit;8
17332478191342;59703;59736;read;11;8
17332478192080;59703;59736;read_exit;-11
17332478193796;59703;59736;read;9;8
17332478194387;59703;59736;read_exit;8
17332478221626;92052;92052;close;23
17332478221958;92052;92052;close_exit;0
17332478272708;92052;92052;close;23
17332478273569;92052;92052;close_exit;0
17332478275399;92052;92052;close;21
17332478275604;92052;92052;close_exit;0
17332478285822;92052;92052;read;21;4096
17332478286696;92052;92052;read_exit;4
17332478287100;92052;92052;close;21
17332478287561;92052;92052;close_exit;0
17332478373913;92052;92052;close;25
17332478374232;92052;92052;close_exit;0
17332478425311;92052;92052;close;25
17332478426416;92052;92052;close_exit;0
17332478428078;92052;92052;close;23
17332478428314;92052;92052;close_exit;0
17332478438322;92052;92052;read;23;4096
17332478439159;92052;92052;read_exit;4
17332478439527;92052;92052;close;23
17332478439906;92052;92052;close_exit;0
17332478516121;92052;92052;close;27
17332478516368;92052;92052;close_exit;0
17332478587442;92052;92052;close;27
17332478588506;92052;92052;close_exit;0
17332478590171;92052;92052;close;25
17332478590376;92052;92052;close_exit;0
17332478600449;92052;92052;read;25;4096
17332478601341;92052;92052;read_exit;4
17332478601729;92052;92052;close;25
17332478602120;92052;92052;close_exit;0
17332478681035;92052;92052;openat;-100;/dev/null;1
17332478683956;92052;92052;close;29
17332478684135;92052;92052;close_exit;0
17332478726283;92052;92052;close;29
17332478727041;92052;92052;close_exit;0
17332478728448;92052;92052;close;27
17332478728641;92052;92052;close_exit;0
17332478733656;92052;92052;openat;-100;/sys/kernel/debug/tracing/events/syscalls/sys_exit_openat/id;0
17332478737060;92052;92052;read;27;4096
17332478737687;92052;92052;read_exit;4
17332478738006;92052;92052;close;27
17332478738338;92052;92052;close_exit;0
17332478760176;92052;92052;write;5;8
17332478763022;92052;92052;write_exit;8
17332478763412;92052;92052;close;5
17332478763564;92052;92052;close_exit;0
17332478808384;92062;92062;read_exit;8
17332478820884;92062;92062;close;5
17332478835026;92062;92062;close_exit;0
17332478842892;92062;92062;execve;/run/current-system/sw/bin/grep
17332480085205;59703;59736;read;11;8
17332480088508;59703;59736;read_exit;-11
17332480330774;1611;1611;write;1;105
17332480336053;1611;1611;write_exit;105
17332480348634;1555;1610;read_exit;105
17332480348690;92062;92062;openat;-100;/home/not-matthias/Documents/technical/git/syscall-tracer/targe..;524288
17332480357044;92062;92062;openat_exit;-2
17332480359208;92062;92062;openat;-100;/home/not-matthias/Documents/technical/git/syscall-tracer/targe..;524288
17332480360266;1555;1610;read;11;16384
17332480360493;92062;92062;openat_exit;-2
17332480361792;92062;92062;openat;-100;/home/not-matthias/Documents/technical/git/syscall-tracer/targe..;524288
17332480363197;92062;92062;openat_exit;-2
17332480365629;92062;92062;openat;-100;/home/not-matthias/Documents/technical/git/syscall-tracer/targe..;524288
17332480366995;92062;92062;openat_exit;-2
17332480368169;92062;92062;openat;-100;/home/not-matthias/Documents/technical/git/syscall-tracer/targe..;524288
17332480369254;92062;92062;openat_exit;-2
17332480370336;92062;92062;openat;-100;/home/not-matthias/Documents/technical/git/syscall-tracer/targe..;524288
17332480371569;92062;92062;openat_exit;-2
17332480373022;92062;92062;openat;-100;/nix/store/c1pfdwy1xgb80s7z66w3l7a7nkdvmfnw-rust-mixed/lib/rust..;524288
17332480376538;92062;92062;openat_exit;-2
17332480377710;92062;92062;openat;-100;/nix/store/c1pfdwy1xgb80s7z66w3l7a7nkdvmfnw-rust-mixed/lib/rust..;524288
17332480378827;92062;92062;openat_exit;-2
17332480379906;92062;92062;openat;-100;/nix/store/c1pfdwy1xgb80s7z66w3l7a7nkdvmfnw-rust-mixed/lib/rust..;524288
17332480381151;92062;92062;openat_exit;-2
17332480382605;92062;92062;openat;-100;/nix/store/xnn81lklmg1vrbz6271r1lav9qaljgia-pcre2-10.43/lib/gli..;524288
17332480384598;92062;92062;openat_exit;-2
17332480385417;92062;92062;openat;-100;/nix/store/xnn81lklmg1vrbz6271r1lav9qaljgia-pcre2-10.43/lib/gli..;524288
17332480386290;92062;92062;openat_exit;-2
17332480387143;92062;92062;openat;-100;/nix/store/xnn81lklmg1vrbz6271r1lav9qaljgia-pcre2-10.43/lib/lib..;524288
17332480390840;92062;92062;openat_exit;4
17332480391310;92062;92062;read;4;832
17332480393059;92062;92062;read_exit;832
17332480421926;92062;92062;close;4
17332480423546;92062;92062;close_exit;0
17332480424796;92062;92062;openat;-100;/home/not-matthias/Documents/technical/git/syscall-tracer/targe..;524288
17332480427547;92062;92062;openat_exit;-2
17332480427992;92062;92062;openat;-100;/home/not-matthias/Documents/technical/git/syscall-tracer/targe..;524288
17332480429444;92062;92062;openat_exit;-2
17332480429783;92062;92062;openat;-100;/nix/store/c1pfdwy1xgb80s7z66w3l7a7nkdvmfnw-rust-mixed/lib/rust..;524288
17332480431309;92062;92062;openat_exit;-2
17332480431740;92062;92062;openat;-100;/nix/store/xnn81lklmg1vrbz6271r1lav9qaljgia-pcre2-10.43/lib/lib..;524288
17332480432924;92062;92062;openat_exit;-2
17332480433320;92062;92062;openat;-100;/nix/store/kpy2cyd05vdr6j1h200av81fnlxl1jw0-glibc-2.39-52/lib/g..;524288
17332480434674;92062;92062;openat_exit;-2
17332480435907;92062;92062;openat;-100;/nix/store/kpy2cyd05vdr6j1h200av81fnlxl1jw0-glibc-2.39-52/lib/g..;524288
17332480436850;92062;92062;openat_exit;-2
17332480437895;92062;92062;openat;-100;/nix/store/kpy2cyd05vdr6j1h200av81fnlxl1jw0-glibc-2.39-52/lib/l..;524288
17332480440065;92062;92062;openat_exit;4
17332480440450;92062;92062;read;4;832
17332480441527;92062;92062;read_exit;832
17332480477722;92062;92062;close;4
17332480479579;92062;92062;close_exit;0
17332480641966;92062;92062;openat;-100;/nix/store/mx2if4r09wl1gbccnw3aby1y4sb4dx54-glibc-locales-2.39-..;524288
17332480648448;92062;92062;openat_exit;4
17332480656094;92062;92062;close;4
17332480657506;92062;92062;close_exit;0
17332480690259;92062;92062;openat;-100;/nix/store/kpy2cyd05vdr6j1h200av81fnlxl1jw0-glibc-2.39-52/lib/g..;524288
17332480694217;92062;92062;openat_exit;-2
17332480702167;92062;92062;openat;-100;/nix/store/kpy2cyd05vdr6j1h200av81fnlxl1jw0-glibc-2.39-52/lib/g..;524288
17332480704445;92062;92062;openat_exit;4
17332480708004;92062;92062;read;4;4096
17332480709373;92062;92062;read_exit;3916
17332480732834;92062;92062;read;4;4096
17332480733209;92062;92062;read_exit;0
17332480734117;92062;92062;close;4
17332480734928;92062;92062;close_exit;0
17332480737182;92062;92062;openat;-100;/nix/store/kpy2cyd05vdr6j1h200av81fnlxl1jw0-glibc-2.39-52/lib/g..;591872
17332480739910;92062;92062;openat_exit;4
17332480755020;92062;92062;openat;-100;/nix/store/kpy2cyd05vdr6j1h200av81fnlxl1jw0-glibc-2.39-52/lib/g..;524288
17332480757501;92062;92062;openat_exit;5
17332480760933;92062;92062;read;5;4096
17332480762233;92062;92062;read_exit;4096
17332480790890;92062;92062;read;5;4096
17332480792619;92062;92062;read_exit;4096
17332480837295;92062;92062;read;5;4096
17332480837992;92062;92062;read_exit;4096
17332480883226;92062;92062;read;5;4096
17332480884833;92062;92062;read_exit;4096
17332480934623;92062;92062;read;5;4096
17332480936998;92062;92062;read_exit;4096
17332480996875;92062;92062;read;5;4096
17332480998550;92062;92062;read_exit;4096
17332481068494;92062;92062;read;5;4096
17332481070087;92062;92062;read_exit;4096
17332481157755;92062;92062;read;5;4096
17332481159510;92062;92062;read_exit;4096
17332481247453;92062;92062;read;5;4096
17332481249312;92062;92062;read_exit;4096
17332481346652;92062;92062;read;5;4096
17332481348679;92062;92062;read_exit;4096
17332481476260;92062;92062;read;5;4096
17332481478529;92062;92062;read;-1050723616;18446631905292925664
17332481480112;92062;92062;read_exit;4096
17332481480279;92062;92062;read_exit;-1050734920
17332481557563;92062;92062;read;5;4096
17332481558659;92062;92062;read;-1050723616;18446631905292925664
17332481559248;92062;92062;read_exit;4096
17332481559342;92062;92062;read_exit;-1050734920
17332481638781;92062;92062;read;5;4096
17332481639705;92062;92062;read;-1050723616;18446631905292925664
17332481640312;92062;92062;read_exit;4096
17332481640375;92062;92062;read_exit;-1050734920
17332481724105;92062;92062;read;5;4096
17332481725008;92062;92062;read;-1050723616;18446631905292925664
17332481725502;92062;92062;read_exit;726
17332481725567;92062;92062;read_exit;-1050734920
17332481740621;92062;92062;read;5;4096
17332481741578;92062;92062;read;-1050723616;18446631905292925664
17332481741767;92062;92062;read_exit;0
17332481741835;92062;92062;read_exit;-1050734920
17332481743981;92062;92062;close;5
17332481744129;92062;92062;close;-1050738688
17332481746059;92062;92062;close_exit;0
17332481746193;92062;92062;close_exit;-1050719848
17332481751596;92062;92062;close;4
17332481751771;92062;92062;close;-1050738688
17332481753821;92062;92062;close_exit;0
17332481754023;92062;92062;close_exit;-1050719848
17332481972506;92062;92062;openat;-100;/nix/store/kpy2cyd05vdr6j1h200av81fnlxl1jw0-glibc-2.39-52/share..;524288
17332481973731;92062;92062;openat;-1050716080;;-1050716080
17332481981740;92062;92062;openat_exit;4
17332481981983;92062;92062;openat_exit;-1050726128
17332481986775;92062;92062;read;4;4096
17332481987543;92062;92062;read;-1050723616;18446631905292925664
17332481988364;92062;92062;read_exit;2998
17332481988511;92062;92062;read_exit;-1050734920
17332481994625;92062;92062;read;4;4096
17332481995756;92062;92062;read;-1050723616;18446631905292925664
17332481995947;92062;92062;read_exit;0
17332481996010;92062;92062;read_exit;-1050734920
17332481996299;92062;92062;close;4
17332481996363;92062;92062;close;-1050738688
17332481996734;92062;92062;close_exit;0
17332481996801;92062;92062;close_exit;-1050719848
17332482001459;92062;92062;openat;-100;/nix/store/da0r6y8bzs9jn9d3p1mmv0vxmi1d80ab-gnugrep-3.11/share/..;0
17332482001703;92062;92062;openat;-1050716080;;-1050716080
17332482003848;92062;92062;openat_exit;-2
17332482003974;92062;92062;openat_exit;-1050726128
17332482004224;92062;92062;openat;-100;/nix/store/da0r6y8bzs9jn9d3p1mmv0vxmi1d80ab-gnugrep-3.11/share/..;0
17332482004328;92062;92062;openat;-1050716080;;-1050716080
17332482005251;92062;92062;openat_exit;-2
17332482005343;92062;92062;openat_exit;-1050726128
17332482005522;92062;92062;openat;-100;/nix/store/da0r6y8bzs9jn9d3p1mmv0vxmi1d80ab-gnugrep-3.11/share/..;0
17332482005611;92062;92062;openat;-1050716080;;-1050716080
17332482006387;92062;92062;openat_exit;-2
17332482006479;92062;92062;openat_exit;-1050726128
17332482006655;92062;92062;openat;-100;/nix/store/da0r6y8bzs9jn9d3p1mmv0vxmi1d80ab-gnugrep-3.11/share/..;0
17332482006744;92062;92062;openat;-1050716080;;-1050716080
17332482007702;92062;92062;openat_exit;-2
17332482007792;92062;92062;openat_exit;-1050726128
17332482010444;92062;92062;openat;-100;/proc/self/maps;0
17332482010663;92062;92062;openat;-1050716080;;-1050716080
17332482022584;92062;92062;openat_exit;4
17332482022738;92062;92062;openat_exit;-1050726128
17332482031705;92062;92062;read;4;8192
17332482031823;92062;92062;read;-1050723616;18446631905292925664
17332482048056;92062;92062;read_exit;3728
17332482048991;92062;92062;read_exit;-1050734920
17332482049221;92062;92062;read;4;4464
17332482049285;92062;92062;read;-1050723616;18446631905292925664
17332482049506;92062;92062;read_exit;0
17332482049565;92062;92062;read_exit;-1050734920
17332482049847;92062;92062;close;4
17332482049909;92062;92062;close;-1050738688
17332482051127;92062;92062;close_exit;0
17332482051193;92062;92062;close_exit;-1050719848
17332482100150;92062;92062;openat;-100;/home/not-matthias/Documents;256
17332482101138;92062;92062;openat;-1050716080;;-1050716080
17332482104126;92062;92062;openat_exit;4
17332482104256;92062;92062;openat_exit;-1050726128
17332482105701;92062;92062;read;4;98304
17332482105763;92062;92062;read;-1050723616;18446631905292925664
17332482106066;92062;92062;read_exit;-21
17332482106130;92062;92062;read_exit;-1050734920
17332482110667;92062;92062;write;2;33
17332482110889;92062;92062;write;-1050721104;18446631905292928176
17332482115253;92062;92062;write_exit;33
17332482115464;92062;92062;write_exit;-1050712312
17332482116132;92062;92062;write;2;28
17332482116218;92062;92062;write;-1050721104;18446631905292928176
17332482116732;92062;92062;write_exit;28
17332482116835;92062;92062;write_exit;-1050712312
17332482119600;92062;92062;openat;-100;/nix/store/kpy2cyd05vdr6j1h200av81fnlxl1jw0-glibc-2.39-52/share..;0
17332482119782;92062;92062;openat;-1050716080;;-1050716080
17332482121016;92062;92062;openat_exit;-2
17332482121113;92062;92062;openat_exit;-1050726128
17332482121288;92062;92062;openat;-100;/nix/store/kpy2cyd05vdr6j1h200av81fnlxl1jw0-glibc-2.39-52/share..;0
17332482121378;92062;92062;openat;-1050716080;;-1050716080
17332482122237;92062;92062;openat_exit;-2
17332482122330;92062;92062;openat_exit;-1050726128
17332482122521;92062;92062;openat;-100;/nix/store/kpy2cyd05vdr6j1h200av81fnlxl1jw0-glibc-2.39-52/share..;0
17332482122608;92062;92062;openat;-1050716080;;-1050716080
17332482123462;92062;92062;openat_exit;-2
17332482123523;92062;92062;openat_exit;-1050726128
17332482123796;92062;92062;openat;-100;/nix/store/kpy2cyd05vdr6j1h200av81fnlxl1jw0-glibc-2.39-52/share..;0
17332482123888;92062;92062;openat;-1050716080;;-1050716080
17332482124764;92062;92062;openat_exit;-2
17332482124824;92062;92062;openat_exit;-1050726128
17332482125395;92062;92062;write;2;16
17332482125490;92062;92062;write;-1050721104;18446631905292928176
17332482125976;92062;92062;write_exit;16
17332482126041;92062;92062;write_exit;-1050712312
17332482126326;92062;92062;write;2;1
17332482126387;92062;92062;write;-1050721104;18446631905292928176
17332482126600;92062;92062;write_exit;1
17332482126693;92062;92062;write_exit;-1050712312
17332482127019;92062;92062;close;4
17332482127079;92062;92062;close;-1050738688
17332482127409;92062;92062;close_exit;0
17332482127507;92062;92062;close_exit;-1050719848
17332482128790;92062;92062;close;1
17332482128882;92062;92062;close;-1050738688
17332482129172;92062;92062;close_exit;0
17332482129236;92062;92062;close_exit;-1050719848
17332482129621;92062;92062;close;2
17332482129685;92062;92062;close;-1050738688
17332482129937;92062;92062;close_exit;0
17332482130001;92062;92062;close_exit;-1050719848
17332482156369;91998;91998;read;8;32
17332482158973;91998;91998;read_exit;32
17332482162208;91998;91998;read;8;32
17332482162491;91998;91998;read_exit;32
17332482162824;91998;91998;read;8;64
17332482163274;91998;91998;read_exit;14
17332482163518;91998;91998;read;8;50
17332482163700;91998;91998;read_exit;-11
17332484277929;59703;59736;read;11;8
17332484292947;59703;59736;read_exit;-11
17332484302000;59703;59736;write;8;8
17332484303653;59703;59736;write_exit;8
17332484324438;59703;59703;read;6;8
17332484326967;59703;59703;read_exit;-11
17332484336488;59703;59703;read;8;8
17332484356557;59703;59703;read_exit;8
17332484362161;59703;59703;write;9;8
17332484362860;59703;59703;write_exit;8
17332484371134;92052;92052;close;8
17332484433378;59703;59736;read;11;8
17332484434474;59703;59736;read_exit;-11
17332484436732;59703;59736;read;9;8
17332484437203;59703;59736;read_exit;8
17332487062017;3674;3697;write;43;1
17332487066606;3674;3697;write_exit;1
17332487107884;3674;3674;read;42;1
17332487109648;3674;3674;read_exit;1
17332487184238;3674;3674;write;43;1
17332487185291;3674;3674;write_exit;1
17332487191050;3674;3674;read;42;1
17332487191536;3674;3674;read_exit;1
17332487410284;3674;3674;write;43;1
17332487411707;3674;3674;write_exit;1
17332487413209;3346;3359;write;39;1
17332487415948;3674;3674;read;42;1
17332487416079;3346;3359;write_exit;1
17332487416785;3674;3674;read_exit;1
17332487533682;3346;3346;read;38;1
17332487535784;3346;3346;read_exit;1
17332488077273;2998;2998;read;13;1024
17332488079902;2998;2998;read_exit;32
17332488433930;59703;59703;read;6;8
17332488435629;59703;59703;read_exit;-11
17332488566480;59703;59703;close;13
17332488567782;59703;59703;close_exit;0
17332488711702;3346;3346;close;107
17332488712264;3346;3346;close_exit;0
17332488727385;3346;3346;close;108
17332488727545;3346;3346;close_exit;0
17332488734331;59703;59703;close;13
17332488735087;59703;59703;close_exit;0
17332488786663;3346;3346;write;39;1
17332488788602;3346;3346;write_exit;1
17332488800127;3346;3346;read;38;1
17332488800775;3346;3346;read_exit;1
17332488803500;59703;59703;read;6;8
17332488803951;59703;59703;read_exit;-11
17332488813264;3674;3687;write;43;1
17332488817586;3674;3687;write_exit;1
17332488860125;3674;3674;read;42;1
17332488862168;3674;3674;read_exit;1
17332488954623;3674;3674;close;50
17332488973996;3674;3674;close_exit;0
17332489414229;3346;3359;write;39;1
17332489416101;3346;3359;write_exit;1
17332489476003;3346;3346;read;38;1
17332489479302;3346;3346;read_exit;1
17332489592361;3346;3359;write;39;1
17332489592701;3346;3359;write_exit;1
17332489743773;3346;3346;read;38;1
17332489744716;3346;3346;read_exit;1
17332489745734;3346;3359;write;39;1
17332489746077;3346;3359;write_exit;1
17332489808409;3674;3674;write;43;1
17332489809779;3674;3674;write_exit;1
17332489843086;3346;3346;read;38;1
17332489843488;3346;3346;read_exit;1
17332489901868;3346;3346;write;39;1
17332489902771;3346;3346;write_exit;1
17332489911515;3674;3674;read;42;1
17332489912557;3674;3674;read_exit;1
17332489915620;3346;3346;read;38;1
17332489915891;3346;3346;read_exit;1
17332489965851;3346;3346;write;39;1
17332489966241;3346;3346;write_exit;1
17332489970916;3674;3687;write;43;1
17332489974551;3674;3687;write_exit;1
17332489976942;3346;3346;read;38;1
17332489977216;3346;3346;read_exit;1
17332490010251;3674;3674;read;42;1
17332490011923;3674;3674;read_exit;1
17332490026754;3346;3346;write;39;1
17332490027163;3346;3346;write_exit;1
17332490037718;3346;3346;read;38;1
17332490037939;3346;3346;read_exit;1
17332490038340;3674;3674;write;43;1
17332490039417;3674;3674;write_exit;1
17332490040404;3346;3346;write;39;1
17332490040648;3346;3346;write_exit;1
17332490042029;3346;3346;read;38;1
17332490042198;3346;3346;read_exit;1
17332490087214;3346;3346;write;39;1
17332490087489;3346;3346;write_exit;1
17332490110194;3346;3346;read;38;1
17332490110421;3346;3346;read_exit;1
17332490113014;3346;3346;write;39;1
17332490113210;3346;3346;write_exit;1
17332490114377;3346;3346;read;38;1
17332490114549;3346;3346;read_exit;1
17332490156450;3346;3346;write;39;1
17332490156796;3346;3346;write_exit;1
17332490167791;3346;3346;read;38;1
17332490168020;3346;3346;read_exit;1
17332490209181;3346;3346;write;39;1
17332490209456;3346;3346;write_exit;1
17332490221398;3346;3346;read;38;1
17332490221613;3346;3346;read_exit;1
17332490266790;3346;3346;write;39;1
17332490267070;3346;3346;write_exit;1
17332490276424;3346;3346;read;38;1
17332490276626;3346;3346;read_exit;1
17332490278536;3346;3346;write;39;1
17332490278740;3346;3346;write_exit;1
17332490279940;3346;3346;read;38;1
17332490280114;3346;3346;read_exit;1
17332490282241;3346;3346;write;39;1
17332490282433;3346;3346;write_exit;1
17332490283597;3346;3346;read;38;1
17332490283770;3346;3346;read_exit;1
17332490285629;3346;3346;write;39;1
17332490285836;3346;3346;write_exit;1
17332490287016;3346;3346;read;38;1
17332490287184;3346;3346;read_exit;1
17332490288777;3346;3346;write;39;1
17332490288962;3346;3346;write_exit;1
17332490290114;3346;3346;read;38;1
17332490290280;3346;3346;read_exit;1
17332490292288;3346;3346;write;39;1
17332490292469;3346;3346;write_exit;1
17332490293624;3346;3346;read;38;1
17332490293793;3346;3346;read_exit;1
17332490295504;3346;3346;write;39;1
17332490295691;3346;3346;write_exit;1
17332490296850;3346;3346;read;38;1
17332490297019;3346;3346;read_exit;1
17332490298479;3346;3346;write;39;1
17332490298666;3346;3346;write_exit;1
17332490299844;3346;3346;read;38;1
17332490300009;3346;3346;read_exit;1
17332490301604;3346;3346;write;39;1
17332490301790;3346;3346;write_exit;1
17332490302925;3346;3346;read;38;1
17332490303089;3346;3346;read_exit;1
17332490304861;3346;3346;write;39;1
17332490305043;3346;3346;write_exit;1
17332490306213;3346;3346;read;38;1
17332490306380;3346;3346;read_exit;1
17332490331581;3674;3674;read;42;1
17332490332849;3674;3674;read_exit;1
17332490345287;3674;3687;write;43;1
17332490348882;3674;3687;write_exit;1
17332490356636;3674;3674;read;42;1
17332490358326;3674;3674;read_exit;1
17332490376748;3674;3674;write;43;1
17332490377776;3674;3674;write_exit;1
17332490445786;3674;3674;read;42;1
17332490446833;3674;3674;read_exit;1
17332503542343;92052;92052;close_exit;0
17332503551903;92052;92052;close;10
17332503555441;92052;92052;close_exit;0
17332503615599;92052;92052;close;9
17332504941471;2998;2998;read;13;1024
17332504943911;2998;2998;read_exit;32
17332505267815;59703;59703;read;6;8
17332505268867;59703;59703;read_exit;-11
17332505335312;59703;59703;close;13
17332505336397;59703;59703;close_exit;0
17332505518760;59703;59703;close;13
17332505519183;59703;59703;close_exit;0
17332505685372;59703;59703;read;6;8
17332505686407;59703;59703;read_exit;-11
17332509584417;92052;92052;close_exit;0
17332509587690;92052;92052;close;12
17332509589169;92052;92052;close_exit;0
17332509674403;92052;92052;close;11
17332521653619;2998;2998;read;13;1024
17332521656238;2998;2998;read_exit;32
17332522095056;59703;59703;read;6;8
17332522096103;59703;59703;read_exit;-11
17332522148639;59703;59703;close;13
17332522149742;59703;59703;close_exit;0
17332522286831;59703;59703;close;13
17332522287301;59703;59703;close_exit;0
17332522414861;59703;59703;read;6;8
17332522416050;59703;59703;read_exit;-11
17332525483266;92052;92052;close_exit;0
17332525483874;92052;92052;close_exit;-1050719848
17332525487069;92052;92052;close;14
17332525487154;92052;92052;close;-1050738688
17332525489057;92052;92052;close_exit;0
17332525489124;92052;92052;close_exit;-1050719848
17332525491581;92052;92052;close;13
17332535657600;92052;92052;close_exit;0
17332535663862;92052;92052;close_exit;0
17332537315476;59703;59738;read;18;8
17332537317596;59703;59738;read_exit;-11
17332537325395;59703;59738;write;8;8
17332537326688;59703;59738;write_exit;8
17332537435205;59703;59703;read;6;8
17332537436350;59703;59703;read_exit;-11
17332537439533;59703;59703;read;8;8
17332537439943;59703;59703;read_exit;8
17332537447954;59703;59703;write;8;8
17332537448354;59703;59703;write_exit;8
17332537459149;59703;59703;read;6;8
17332537459288;59703;59703;read_exit;-11
17332537459702;59703;59703;read;8;8
17332537459853;59703;59703;read_exit;8
17332537461253;59703;59703;write;18;8
17332537462599;59703;59703;write_exit;8
17332537496894;59703;59738;read;18;8
17332537498048;59703;59738;read_exit;8
17332538350116;2998;2998;read;13;1024
17332538353072;2998;2998;read_exit;32
17332538745683;59703;59703;read;6;8
17332538746721;59703;59703;read_exit;-11
17332541455371;59703;59703;read;6;8
17332541456590;59703;59703;read_exit;-11
17332554940650;2998;2998;read_exit;32
17332555367279;59703;59703;read_exit;-11
17332555767059;59703;59703;read_exit;-11
